485 411 63 1
        405        10
.       426        10
+       855        11
@       322        10
#        35         9
$       323        10
%       239         9
&        47         7
*        66         8
=        16         8
-       107         8
;       226         9
>        39         8
,       160         9
'       184         9
)         7         5
!        22         6
~        93         8
{       115         8
]         8         6
^       238         9
/        81         8
(        12         6
_         9         7
:       203         9
<       185         9
[       854        11
}       111         8
|       110         8
1       103         8
2        34         9
3        18         7
4        27         7
5       114         8
6       100         8
7       118         8
8        32         7
9        41         7
0       227         9
a        38         8
b       112         8
c       212         9
d       102         8
e        13         7
f        43         7
g        12         7
h        67         8
i        54         7
j         5         6
k        42         7
l        58         7
m        52         7
n        26         7
o        17         6
p         7         6
q       404        10
r         1         5
s        24         6
t         0         5
u         5         5
v        15         5
w         9         5
x         1         1
